128 3 4
0 0.54509803921569 0 
0 0 1 0
0.54509803921569 0.41176470588235 0.07843137254902 
0 1 0 0
0.54509803921569 0.22745098039216 0.22745098039216 
1 0 0 0
0.94117647058824 1 0.94117647058824 
0 0 1 0
0.64313725490196 0.82745098039216 0.93333333333333 
0 0 0 1
0 0.69803921568627 0.93333333333333 
0 0 0 1
0.19607843137255 0.80392156862745 0.19607843137255 
0 0 1 0
0.46666666666667 0.53333333333333 0.6 
0 0 0 1
0.15294117647059 0.25098039215686 0.54509803921569 
0 0 0 1
0.30980392156863 0.58039215686275 0.80392156862745 
0 0 0 1
0.41176470588235 0.54509803921569 0.41176470588235 
0 0 1 0
0.43921568627451 0.50196078431373 0.56470588235294 
0 0 0 1
0.23529411764706 0.70196078431373 0.44313725490196 
0 0 1 0
0.33333333333333 0.41960784313725 0.1843137254902 
0 0 1 0
0.75294117647059 1 0.24313725490196 
0 0 1 0
0.6078431372549 0.80392156862745 0.6078431372549 
0 0 1 0
0.42352941176471 0.65098039215686 0.80392156862745 
0 0 0 1
0.13333333333333 0.54509803921569 0.13333333333333 
0 0 1 0
0.56078431372549 0.73725490196078 0.56078431372549 
0 0 1 0
0.54509803921569 0.39607843137255 0.031372549019608 
0 1 0 0
0.22745098039216 0.37254901960784 0.80392156862745 
0 0 0 1
0 0 0.80392156862745 
0 0 0 1
0.54509803921569 0.50588235294118 0.29803921568627 
0 1 0 0
0.23921568627451 0.56862745098039 0.25098039215686 
0 0 1 0
0.18039215686275 0.54509803921569 0.34117647058824 
0 0 1 0
1 0.96470588235294 0.56078431372549 
0 1 0 0
0.50196078431373 0.50196078431373 0 
0 1 0 0
0.69803921568627 0.13333333333333 0.13333333333333 
1 0 0 0
0.32941176470588 1 0.62352941176471 
0 0 1 0
1 0.4156862745098 0.4156862745098 
1 0 0 0
0 1 0 
0 0 1 0
0.7921568627451 1 0.43921568627451 
0 0 1 0
0.80392156862745 0.77647058823529 0.45098039215686 
0 1 0 0
0.93333333333333 0.91372549019608 0.74901960784314 
0 1 0 0
0.72156862745098 0.52549019607843 0.043137254901961 
0 1 0 0
0.54509803921569 0.53333333333333 0.47058823529412 
0 1 0 0
0.54509803921569 0.45882352941176 0 
0 1 0 0
0.80392156862745 0.14901960784314 0.14901960784314 
1 0 0 0
0.11764705882353 0.56470588235294 1 
0 0 0 1
0.93333333333333 0.78823529411765 0 
0 1 0 0
0.56470588235294 0.93333333333333 0.56470588235294 
0 0 1 0
0.29019607843137 0.43921568627451 0.54509803921569 
0 0 0 1
0.27058823529412 0.54509803921569 0 
0 0 1 0
0.80392156862745 0.6078431372549 0.11372549019608 
0 1 0 0
0.63529411764706 0.80392156862745 0.35294117647059 
0 0 1 0
0.54509803921569 0.54509803921569 0.47843137254902 
0 1 0 0
0.41176470588235 0.54509803921569 0.13333333333333 
0 0 1 0
0.4 0.80392156862745 0 
0 0 1 0
0.85490196078431 0.64705882352941 0.12549019607843 
0 1 0 0
0 0.93333333333333 0 
0 0 1 0
0.73725490196078 0.82352941176471 0.93333333333333 
0 0 0 1
0.94117647058824 0.97254901960784 1 
0 0 0 1
1 0.97254901960784 0.86274509803922 
0 1 0 0
0.54509803921569 0.52549019607843 0.30588235294118 
0 1 0 0
0.72549019607843 0.82745098039216 0.93333333333333 
0 0 0 1
0 0.3921568627451 0 
0 0 1 0
0.80392156862745 0.33333333333333 0.33333333333333 
1 0 0 0
0.70196078431373 0.93333333333333 0.22745098039216 
0 0 1 0
0 0.80392156862745 0 
0 0 1 0
0.21176470588235 0.3921568627451 0.54509803921569 
0 0 0 1
0.52941176470588 0.8078431372549 0.98039215686275 
0 0 0 1
0.93333333333333 0 0 
1 0 0 0
0.27450980392157 0.50980392156863 0.70588235294118 
0 0 0 1
0 0.74901960784314 1 
0 0 0 1
0.32941176470588 0.54509803921569 0.32941176470588 
0 0 1 0
0.42352941176471 0.48235294117647 0.54509803921569 
0 0 0 1
0.63529411764706 0.70980392156863 0.80392156862745 
0 0 0 1
0.69019607843137 0.76862745098039 0.87058823529412 
0 0 0 1
0.48627450980392 0.80392156862745 0.48627450980392 
0 0 1 0
0.36078431372549 0.67450980392157 0.93333333333333 
0 0 0 1
0.10980392156863 0.52549019607843 0.93333333333333 
0 0 0 1
1 0 0 
1 0 0 0
0.93333333333333 0.86274509803922 0.50980392156863 
0 1 0 0
0.62352941176471 0.71372549019608 0.80392156862745 
0 0 0 1
0.49803921568627 1 0 
0 0 1 0
0 0.54509803921569 0.27058823529412 
0 0 1 0
0.54509803921569 0.54509803921569 0 
0 1 0 0
0.3921568627451 0.5843137254902 0.92941176470588 
0 0 0 1
0.52941176470588 0.8078431372549 1 
0 0 0 1
0.80392156862745 0.67843137254902 0 
0 1 0 0
0.80392156862745 0.78823529411765 0.64705882352941 
0 1 0 0
0 1 0.49803921568627 
0 0 1 0
0.54509803921569 0 0 
1 0 0 0
0.50196078431373 0.50196078431373 0.41176470588235 
0 1 0 0
0.74117647058824 0.98823529411765 0.78823529411765 
0 0 1 0
1 1 0.87843137254902 
0 1 0 0
0.43137254901961 0.48235294117647 0.54509803921569 
0 0 0 1
0.38823529411765 0.72156862745098 1 
0 0 0 1
0.69019607843137 0.88627450980392 1 
0 0 0 1
0.60392156862745 1 0.60392156862745 
0 0 1 0
0 0.93333333333333 0.46274509803922 
0 0 1 0
0.93333333333333 0.90980392156863 0.80392156862745 
0 1 0 0
1 0.84313725490196 0 
0 1 0 0
0.80392156862745 0.5843137254902 0.047058823529412 
0 1 0 0
0.55294117647059 0.71372549019608 0.80392156862745 
0 0 0 1
0 0 0.93333333333333 
0 0 0 1
0.80392156862745 0.36078431372549 0.36078431372549 
1 0 0 0
0.77647058823529 0.88627450980392 1 
0 0 0 1
0 0.60392156862745 0.80392156862745 
0 0 0 1
0.51372549019608 0.54509803921569 0.51372549019608 
0 0 1 0
0.93333333333333 0.67843137254902 0.054901960784314 
0 1 0 0
0.70588235294118 0.93333333333333 0.70588235294118 
0 0 1 0
0.75686274509804 1 0.75686274509804 
0 0 1 0
0.48627450980392 0.98823529411765 0 
0 0 1 0
0.7921568627451 0.88235294117647 1 
0 0 0 1
0.67843137254902 1 0.1843137254902 
0 0 1 0
1 0.75686274509804 0.14509803921569 
0 1 0 0
0.93333333333333 0.38823529411765 0.38823529411765 
1 0 0 0
0.37647058823529 0.48235294117647 0.54509803921569 
0 0 0 1
0.80392156862745 0.80392156862745 0.70588235294118 
0 1 0 0
1 0.92549019607843 0.54509803921569 
0 1 0 0
0.41960784313725 0.55686274509804 0.13725490196078 
0 0 1 0
1 0.98039215686275 0.80392156862745 
0 1 0 0
0.54509803921569 0.53725490196078 0.43921568627451 
0 1 0 0
0 0 0.54509803921569 
0 0 0 1
0.87843137254902 0.93333333333333 0.87843137254902 
0 0 1 0
0.98039215686275 0.98039215686275 0.82352941176471 
0 1 0 0
0.062745098039216 0.30588235294118 0.54509803921569 
0 0 0 1
0.80392156862745 0.7843137254902 0.69411764705882 
0 1 0 0
0.93333333333333 0.90980392156863 0.66666666666667 
0 1 0 0
0.74117647058824 0.71764705882353 0.41960784313725 
0 1 0 0
0.75686274509804 0.80392156862745 0.75686274509804 
0 0 1 0
0.93333333333333 0.93333333333333 0 
0 1 0 0
1 0.18823529411765 0.18823529411765 
1 0 0 0
1 1 0 
0 1 0 0
0.80392156862745 0.80392156862745 0 
0 1 0 0
0 0.78823529411765 0.34117647058824 
0 0 1 0
0 0 0.50196078431373 
0 0 0 1
